  0.2625000       25.80799       57.35107    
  0.2475000       26.78670       57.34157    
  0.2325000       27.50734       56.79982    
  0.2175000       28.86208       57.55970    
  0.2025000       29.83993       57.54256    
  0.1875000       30.42348       56.79050    
  0.1725000       31.47819       56.93729    
  0.1575000       32.05194       56.23147    
  0.1425000       33.39065       56.86972    
  0.1275000       34.20235       56.59970    
  0.1125000       34.57197       55.63299    
  9.7500011E-02   35.50979       55.60817    
  8.2500011E-02   35.86333       54.69354    
  6.7500025E-02   36.50882       54.25944    
  5.2500010E-02   37.62543       54.52955    
  3.7500024E-02   37.61889       53.19848    
  2.2500008E-02   38.33046       52.92168    
  7.4999928E-03   38.35468       51.73073    
  0.0000000E+00  0.0000000E+00  0.0000000E+00
 
      Fx1(S)         Fx2(S)         Fx(P)     
        3336.397       2459.909        594.734
